AAPL   | 2015-10-16 |  111.78 |     112 |  110.53 |  111.04 |    38236300 |    111.04      
IBM    | 2015-10-15 |  110.93 |   112.1 |  110.49 |  111.86 |    37341000 |    111.86 |
AAPL   | 2015-10-14 |  111.29 |  111.52 |  109.56 |  110.21 |    44325600 |    110.21 |
AAPL   | 2015-10-13 |  110.82 |  112.45 |  110.68 |  111.79 |    32424000 |    111.79 |
IBM    | 2015-10-12 |  112.73 |  112.75 |  111.44 |   111.6 |    30114400 |     111.6 |
AAPL   | 2015-10-09 |     110 |  112.28 |  109.49 |  112.12 |    52533800 |    112.12 |
AAPL   | 2015-10-08 |  110.19 |  110.19 |  108.21 |   109.5 |    61698500 |     109.5 |
AAPL   | 2015-10-07 |  111.74 |  111.77 |  109.41 |  110.78 |    46602600 |    110.78 |
AAPL   | 2015-10-06 |  110.63 |  111.74 |  109.77 |  111.31 |    48196800 |    111.31 |
AAPL   | 2015-10-05 |  109.88 |  111.37 |  109.07 |  110.78 |    51723100 |    110.78 |
IBM    | 2015-10-02 |  108.01 |  111.01 |  107.55 |  110.38 |    57560400 |    110.38 |
AAPL   | 2015-10-01 |  109.07 |  109.62 |  107.31 |  109.58 |    63748000 |    109.58 |
AAPL   | 2015-09-30 |  110.17 |  111.54 |  108.73 |   110.3 |    66105000 |     110.3 |
AAPL   | 2015-09-29 |  112.83 |  113.51 |  107.86 |  109.06 |    73135900 |    109.06 |
AAPL   | 2015-09-28 |  113.85 |  114.57 |  112.44 |  112.44 |    51723900 |    112.44 |
MMM    | 2015-09-25 |  116.44 |  116.69 |  114.02 |  114.71 |    55842200 |    114.71 |
MMM    | 2015-09-24 |  113.25 |   115.5 |  112.37 |     115 |    49810600 |       115 |
